Size C S Time
100 1026 221 0.00033758700000002806
100 1248 237 0.00037130900000004186
100 1176 290 0.000361045999999976
100 1017 221 0.0003203589999999923
100 1006 230 0.00032109300000005003
100 1234 182 0.00036507799999996315
100 1081 262 0.0003478499999999829
100 1121 244 0.0003218250000000533
100 1265 181 0.00035847999999999436
100 1416 263 0.0003834050000000033
200 2672 556 0.0008239910000000239
200 2425 625 0.0007250240000000185
200 2640 811 0.0008126280000000374
200 2962 588 0.0008346210000000354
200 2746 641 0.0007858699999999663
200 3025 770 0.0009335870000000135
200 2714 568 0.0008423180000000086
200 2371 635 0.0007231910000000119
200 2440 613 0.000725023999999963
200 2955 701 0.0008720080000000352
300 3894 1001 0.0012693429999999783
300 4174 1004 0.0012422180000000171
300 4449 1093 0.0012565129999999591
300 4928 1515 0.0015024640000000367
300 3965 1176 0.001172940999999983
300 3873 1201 0.0012451499999999727
300 3994 1003 0.0011685429999999664
300 4435 950 0.001370508000000048
300 4406 1113 0.0012693429999999228
300 4748 1199 0.0013899350000000643
400 6024 1347 0.0017212900000000975
400 5516 1594 0.001654580000000072
400 6688 1648 0.002920990000000012
400 6577 1744 0.001848115000000039
400 6088 1541 0.0018059620000000498
400 5603 1551 0.001798630999999995
400 5980 1556 0.0016952660000000286
400 6515 1795 0.001910427999999964
400 7288 2016 0.0022241889999999875
400 5796 1520 0.0016611779999999854
500 8229 1836 0.0022777050000000187
500 9141 2084 0.0025676420000000366
500 7479 2450 0.0022989649999999306
500 7936 2332 0.0023774050000000546
500 7880 1852 0.0023686079999999388
500 8277 2013 0.002438250999999947
500 7407 2168 0.0021926669999999815
500 8718 2554 0.0024188240000000416
500 7807 2221 0.0023484469999999202
500 8666 2280 0.0025166920000000426
600 9889 3006 0.0029719390000000345
600 10147 2521 0.0029902659999999637
600 9390 2862 0.0028311869999999573
600 8990 2526 0.0027417500000000983
600 9551 2563 0.0028597770000000633
600 9295 2583 0.002802595000000019
600 10149 3141 0.002959842999999962
600 10177 3119 0.0029844020000000526
600 9754 2599 0.0028381499999999837
600 9677 2558 0.002824589000000044
700 10591 3036 0.0031372499999999803
700 11478 3198 0.0033527790000000834
700 11798 3777 0.0033700060000000365
700 9992 3203 0.0029920989999999703
700 11648 3057 0.003679368999999988
700 11476 3146 0.0034029949999999642
700 10923 3173 0.003241715000000034
700 12062 3642 0.003522854000000075
700 10799 3069 0.003139448999999961
700 10655 3359 0.003191499000000042
800 13377 3920 0.003960874999999975
800 14520 4115 0.0041588089999999855
800 16470 4464 0.0051000939999999995
800 12981 3541 0.0037380170000000934
800 12847 3847 0.0037768700000000432
800 14404 4019 0.004103460999999919
800 15128 4445 0.004413557000000012
800 14775 3810 0.004429684999999961
800 14443 3626 0.004270970999999957
800 13331 3926 0.003987633000000157
900 14013 4376 0.004328518999999975
900 16482 4523 0.004689930999999925
900 16613 5085 0.00501542300000013
900 16397 4737 0.004527551999999879
900 14691 4330 0.004296996000000108
900 17566 4549 0.004925252999999907
900 14769 4134 0.004410625000000001
900 16569 4317 0.004816755000000006
900 16542 4862 0.004750776999999928
900 14699 4234 0.0042966300000000235
1000 17003 5025 0.004923054000000038
1000 16677 4637 0.00490289300000013
1000 19246 6400 0.005727250999999933
1000 17256 4836 0.00525221000000009
1000 16549 4691 0.004761039999999994
1000 18516 5445 0.0054611399999999755
1000 16404 4830 0.004748943999999922
1000 16676 4771 0.004677102000000044
1000 17695 4968 0.005083598999999994
1000 17108 5207 0.00497327000000003
1100 19114 5219 0.005434382000000015
1100 20223 5764 0.005535914999999836
1100 18165 6268 0.005425217999999843
1100 19388 5967 0.005617288000000054
1100 20195 5923 0.005733116000000038
1100 19419 5799 0.005628283999999928
1100 20705 5737 0.005886698000000079
1100 17015 5146 0.005022752999999991
1100 23415 7009 0.006524117000000107
1100 18098 5367 0.005396261999999874
1200 21082 6298 0.0060340479999998475
1200 20449 6746 0.006151709000000061
1200 21931 6030 0.006279633000000118
1200 21639 6642 0.006321418999999828
1200 20891 5806 0.006139246999999903
1200 21609 6004 0.006228316000000067
1200 22691 6429 0.0064416459999998565
1200 21236 6592 0.0061982599999999
1200 22938 6503 0.006380065000000101
1200 21847 6650 0.00630309200000001
1300 23594 6791 0.006836779999999987
1300 21221 6334 0.006289530000000099
1300 24693 7046 0.007147975999999945
1300 23936 6705 0.006944543999999997
1300 22685 7042 0.006782531000000036
1300 22047 7585 0.006917053000000006
1300 25705 7344 0.007369734999999933
1300 23921 7225 0.006981198000000077
1300 27917 8197 0.007764137000000115
1300 23405 7101 0.00679059500000001
1400 25771 7170 0.007163003999999917
1400 23682 7589 0.007429114999999875
1400 25614 7781 0.007840744000000122
1400 25175 7588 0.00724987499999985
1400 24732 7946 0.007370834999999687
1400 24858 8175 0.007228248999999742
1400 26948 7715 0.00784624200000028
1400 26043 7901 0.007487028999999978
1400 26463 7777 0.00739282699999988
1400 29317 9179 0.008216086000000011
1500 26284 7868 0.00779639199999993
1500 27486 8623 0.008016684999999857
1500 32331 10015 0.008959436000000043
1500 28586 8225 0.008193726000000012
1500 27925 8462 0.007951806999999977
1500 27121 7846 0.007673966000000032
1500 27247 8588 0.007835245999999962
1500 25885 8412 0.007729314000000098
1500 29851 8716 0.008467900999999944
1500 27166 7895 0.007837079000000191
1600 30436 8798 0.009005253999999852
1600 28884 9512 0.008461302999999809
1600 31840 9621 0.00938939300000019
1600 30568 9018 0.00873731099999997
1600 29546 8807 0.008425380999999899
1600 28887 9161 0.00827583200000026
1600 28370 8414 0.008210219999999602
1600 29848 8778 0.008703589000000012
1600 32441 9761 0.009287494000000063
1600 29151 8622 0.0084547060000002
1700 32995 10126 0.009643406999999993
1700 32714 9657 0.009435577000000084
1700 32833 9521 0.00924167599999981
1700 34419 10653 0.009722581000000119
1700 31589 9342 0.00897373200000029
1700 31122 9513 0.008997191000000182
1700 29632 9030 0.00857603100000004
1700 33078 9587 0.009330744999999752
1700 30396 10469 0.009062802000000314
1700 34417 10337 0.010322614000000119
1800 34223 10342 0.010167932000000324
1800 33191 10335 0.009555436999999944
1800 35022 10566 0.010290358000000221
1800 33755 10004 0.009677863000000286
1800 33406 10923 0.010025712999999659
1800 32082 10105 0.009523181000000047
1800 33415 10382 0.009647073000000006
1800 35710 11001 0.0103775960000001
1800 35365 10685 0.009987226000000238
1800 33770 10513 0.00960088800000003
1900 33636 9983 0.009603087999999982
1900 37196 11369 0.010778595000000113
1900 32869 10548 0.009806154000000067
1900 36001 10435 0.010083260000000038
1900 36826 10930 0.010561601000000032
1900 37035 10889 0.010399955000000016
1900 38091 11077 0.010620980999999752
1900 36134 10938 0.010469231000000079
1900 39468 11717 0.011067798000000018
1900 38949 10852 0.010659833999999702
2000 35200 10904 0.010287058999999932
2000 36106 10449 0.010407652000000045
2000 37657 13103 0.010702352999999665
2000 36354 12025 0.011058268000000204
2000 36408 12093 0.010986058000000298
2000 36380 11359 0.0103834599999999
2000 39217 12710 0.011144038999999939
2000 37241 11084 0.010653968999999819
2000 38676 12501 0.011527077000000219
2000 40998 12710 0.011763865000000706
2100 39256 12451 0.011805284000000249
2100 42824 13010 0.012045737000000223
2100 42794 12728 0.012309649000000533
2100 39449 12310 0.011230910000000094
2100 43626 13105 0.012767829000000397
2100 40318 12265 0.011762399000000201
2100 39217 12866 0.011149536999999654
2100 40009 12556 0.01130715100000046
2100 42980 12488 0.012009082999999698
2100 39679 11811 0.011438007999999833
2200 46084 13520 0.013040538000000268
2200 42211 12282 0.012106217000000363
2200 40315 12922 0.011993321000000279
2200 41459 12658 0.012146902999999654
2200 40185 12659 0.011670396000000416
2200 41099 12874 0.011691655999999995
2200 42211 13307 0.01176679699999994
2200 44591 13647 0.012535440999999814
2200 41948 12904 0.011871994999999913
2200 46498 13479 0.013319111999999578
2300 48220 14501 0.01403570499999951
2300 44848 14913 0.013707282000000376
2300 40704 12960 0.012753899999999874
2300 44567 14132 0.013108714999999549
2300 49893 16085 0.014496817999999578
2300 45706 13839 0.013484057000000327
2300 42837 14558 0.0132622970000007
2300 44205 13855 0.01435239899999985
2300 45509 13654 0.014361196000000298
2300 46662 14859 0.015334370999999791
2400 45531 14245 0.014816810000000125
2400 45961 13904 0.013144636999999904
2400 45390 13680 0.012910048000000174
2400 51674 16212 0.014521375999999364
2400 48122 14912 0.014125875000000399
2400 45612 15087 0.013420643999999982
2400 46394 14420 0.013267061999999719
2400 49425 14760 0.013697018999999422
2400 47005 14117 0.013559930999999636
2400 51728 16343 0.014489853000000608
2500 51772 16045 0.014558763000000141
2500 53716 16146 0.01503050500000036
2500 48269 14839 0.013645701999999815
2500 48569 14864 0.01403790399999938
2500 50786 17611 0.014673124999999843
2500 48032 14524 0.013757864000000453
2500 51776 16768 0.014886087000000714
2500 50753 16158 0.014182321999999914
2500 46953 14843 0.01388395599999992
2500 47861 14895 0.014071259999999697
2600 55868 16555 0.015622107999999635
2600 57010 17159 0.016177422000000163
2600 51482 16190 0.01493740299999935
2600 56073 18266 0.01632074100000036
2600 48147 15961 0.013956897999999995
2600 51962 15278 0.014625474999999888
2600 54263 15852 0.015351597999999633
2600 50784 15257 0.01459651800000028
2600 53858 15989 0.015368825000000363
2600 52018 18261 0.015364427999999819
2700 55598 16864 0.01573243800000057
2700 57354 16972 0.01612830500000051
2700 55788 16574 0.015927439000000376
2700 52768 15896 0.015209012999999771
2700 57178 19396 0.016130137999999405
2700 52184 15954 0.014680455999999786
2700 55767 16759 0.015852664000000516
2700 55757 19062 0.016120240999999425
2700 53779 16982 0.015232471000000025
2700 58942 20784 0.01715609400000062
2800 57477 17952 0.016951562999999226
2800 52861 16464 0.015343901000000493
2800 60159 18066 0.016878619999999955
2800 63612 18811 0.018287615999999396
2800 56991 17422 0.01658905100000041
2800 61984 19725 0.017343032000000314
2800 58087 17791 0.01647468899999982
2800 51781 16043 0.015233570999999557
2800 61353 18488 0.017002512000000358
2800 55333 18609 0.015905812999999824
2900 61716 20087 0.017544631999999893
2900 61470 20219 0.01757761999999996
2900 57780 17283 0.0165069459999998
2900 57112 17603 0.016357762000000164
2900 60525 18187 0.01738115299999965
2900 60862 18057 0.016947164000000292
2900 65890 19399 0.018248762000000696
2900 59249 18094 0.01679284999999986
2900 58038 17889 0.01670671100000032
2900 56340 18620 0.016516107999999363
3000 65541 20010 0.020613705000000593
3000 62650 19184 0.017956627000000225
3000 59884 19290 0.018802610999999914
3000 60012 19160 0.017883684000000954
3000 59377 18847 0.017273755999999807
3000 60835 18819 0.017161958999999172
3000 59569 19525 0.01726422499999991
3000 61341 18480 0.017400946000000417
3000 61685 19115 0.017269356999999985
3000 63649 20094 0.01931320699999972
3100 59925 19696 0.017351828999998986
3100 72590 22799 0.020382782000000432
3100 63327 18872 0.018123771000000843
3100 64932 20647 0.01910281000000147
3100 62834 18938 0.017932434999998748
3100 65278 19842 0.018201845000000105
3100 68954 20786 0.019040863999999047
3100 61561 19222 0.01784703000000043
3100 61393 20740 0.01843899799999882
3100 66291 19753 0.020530499000001257
3200 66412 20078 0.018637666000000053
3200 64563 20090 0.018799312000000512
3200 64004 19519 0.018279918999999367
3200 63531 20399 0.0182102749999995
3200 61738 19849 0.017778485999999205
3200 61538 19880 0.017458859999999632
3200 62185 20330 0.01786242500000057
3200 66391 20666 0.01871354000000025
3200 66747 20694 0.01868495000000081
3200 65634 20602 0.018776218999999372
3300 69136 22453 0.019688913999999613
3300 67081 22336 0.01916182300000102
3300 75434 23764 0.02081383700000039
3300 66276 21013 0.019165123000000506
3300 70839 23339 0.020270619999999795
3300 68879 21769 0.019709440999999828
3300 68476 20891 0.019647861000001043
3300 66659 21407 0.019425736000000526
3300 70172 21369 0.020389012999999068
3300 70584 21509 0.02000890700000113
3400 71713 22432 0.02013646400000013
3400 76926 23208 0.021410572000000627
3400 76198 24214 0.020992710999999886
3400 64313 21748 0.018819471999998783
3400 76326 24650 0.021000409000000886
3400 71376 23627 0.02033806299999874
3400 69126 23238 0.019674618999999893
3400 68124 23464 0.019787880999999174
3400 70150 21634 0.01952983400000008
3400 79332 24157 0.022076216000000315
3500 72737 21943 0.021040728999999203
3500 74276 22231 0.021269818000000384
3500 83404 25652 0.023082378999999875
3500 81142 24330 0.022681379999999862
3500 82185 26742 0.023353988000000214
3500 79686 23854 0.021977614999999062
3500 71010 21804 0.020677483000000052
3500 74697 23449 0.020969619000000606
3500 67638 22306 0.019966387999998503
3500 69073 22497 0.01991763700000071
3600 73845 22598 0.02148534699999871
3600 80727 24699 0.023348122999999887
3600 72404 22397 0.021362188000001225
3600 71353 22698 0.020622134999999986
3600 80755 24989 0.022431029999999907
3600 80664 25770 0.022724998999999357
3600 73731 23070 0.02049861000000064
3600 79616 24506 0.023352155999999624
3600 73526 22922 0.021459322000000114
3600 80644 25434 0.022691642999999928
3700 75754 23103 0.021983113999999304
3700 76998 23885 0.021588345000001397
3700 74427 22915 0.02125405700000016
3700 74442 23721 0.02167521600000022
3700 79350 24754 0.02300467200000078
3700 80619 24291 0.02264619099999976
3700 71792 23430 0.020600143000001125
3700 72281 23281 0.02121447000000032
3700 78350 23977 0.022242260000000513
3700 76717 24675 0.021689878000000107
3800 84229 27037 0.02385395399999979
3800 83402 25278 0.02374509100000033
3800 78449 23989 0.023252821999999895
3800 79185 24625 0.022991108999999454
3800 77527 23930 0.02224849099999915
3800 78525 24181 0.02266268600000032
3800 83514 27167 0.023792007999999143
3800 85372 26706 0.023904536999999948
3800 75182 24966 0.021863620000001305
3800 80808 24011 0.0227594540000009
3900 89178 27711 0.025368881000000343
3900 83804 25783 0.02397381399999965
3900 75554 24868 0.021969550999999754
3900 83725 26552 0.024167715999999118
3900 81933 25557 0.023097040999999763
3900 82105 25949 0.023393207999999888
3900 85179 26495 0.02456431699999939
3900 80813 26259 0.02324439100000042
3900 80984 25585 0.023881079000000582
3900 81646 28635 0.024094406999999762
4000 86712 27846 0.024745023000001254
4000 91561 28599 0.025909533000000096
4000 81085 25027 0.023288376
4000 81692 26181 0.023774047999999937
4000 82255 25069 0.02352003299999872
4000 91510 28268 0.025514032000000242
4000 83544 26052 0.024101005000000342
4000 79918 26021 0.022876014999999583
4000 84638 25679 0.02414315699999925
4000 87360 26776 0.024651921000000243
4100 90257 28274 0.02566138300000098
4100 82356 26156 0.023600306000000515
4100 84107 26529 0.024749787999999384
4100 87477 27709 0.02533479200000066
4100 83702 26599 0.023644291000000095
4100 86214 27629 0.02463469299999943
4100 81988 27920 0.023848821999999714
4100 83957 27623 0.024289407999999568
4100 92621 28831 0.026192138000000753
4100 92322 28391 0.026023894999999797
4200 93236 28179 0.026026460999998946
4200 90899 28462 0.025721496000000954
4200 94456 28922 0.026380543000000145
4200 100364 29802 0.028215462000000358
4200 91405 28792 0.025861516000002638
4200 86844 27149 0.02545025400000256
4200 91347 28975 0.026879774999997608
4200 88997 28477 0.025150420999999312
4200 85796 27359 0.02447634600000015
4200 87628 27473 0.02464202400000204
4300 88916 27627 0.025245354999999137
4300 97326 32458 0.02758610600000111
4300 91661 29259 0.026142289000002705
4300 92340 28359 0.02608217500000265
4300 94387 28779 0.026610365999999885
4300 95808 29589 0.026852285000000364
4300 101444 30220 0.028386270999998686
4300 90564 29140 0.025578544000001813
4300 97214 29795 0.027709997999998848
4300 89977 27766 0.026132392000000948
4400 92808 28524 0.026374311000001427
4400 95168 30673 0.026911298000001693
4400 89151 29158 0.025089941000000948
4400 89501 29864 0.025414332000000428
4400 101079 31097 0.02849989999999991
4400 98284 32422 0.027768277999999924
4400 88953 27656 0.025829993000002105
4400 93607 30219 0.02681196500000027
4400 93288 28771 0.025974410999999975
4400 95218 30069 0.02707074499999962
4500 95608 29637 0.027371310999999565
4500 94982 29790 0.02744865200000035
4500 92052 29479 0.02660083499999999
4500 98879 30106 0.02790206699999942
4500 95922 29643 0.02729726899999818
4500 95419 28833 0.027019794999997515
4500 106301 33580 0.030164375999998327
4500 93247 30027 0.026911664000000002
4500 106424 31635 0.029176907000000085
4500 96292 30978 0.026911298000001693
4600 101956 33040 0.029430921999999526
4600 102260 32600 0.02874365200000284
4600 102482 32483 0.02891702699999854
4600 102790 31051 0.029396466999997983
4600 104139 34327 0.030198465000001562
4600 103458 34308 0.029519993000000966
4600 111007 33177 0.030804729999999836
4600 113756 36183 0.03157300500000204
4600 91678 30007 0.026838722000000814
4600 98272 30387 0.02780896499999841
4700 97661 32141 0.02793945399999842
4700 106764 35885 0.030087036000001177
4700 104014 31571 0.0293623779999983
4700 102310 31125 0.02882905699999938
4700 102792 31854 0.02854425199999966
4700 103576 32179 0.029352847999998488
4700 102097 31377 0.02922602399999974
4700 102278 31115 0.028959180000001083
4700 95926 30772 0.027605898999997436
4700 100290 31555 0.028122726000002984
4800 106219 33517 0.030085202999998728
4800 109624 33896 0.030523590000001377
4800 99505 31983 0.028364645999999993
4800 106592 32385 0.029861977999999567
4800 106190 32222 0.0300067619999993
4800 96496 31244 0.02795044999999874
4800 105093 33008 0.03123431899999929
4800 111438 35984 0.03200369400000014
4800 103189 32575 0.029249848999999273
4800 102724 33650 0.029300431999999432
4900 122442 37483 0.0339925629999982
4900 98905 32626 0.028803765999999342
4900 103523 32271 0.02938143800000148
4900 102111 31074 0.02873045600000168
4900 106886 32955 0.030233287000001496
4900 109242 33520 0.03067094100000034
4900 105835 33155 0.030768074000000922
4900 110356 34518 0.03130506200000127
4900 102944 33887 0.030561711000000713
4900 103733 32774 0.029969375000000298
5000 113967 35508 0.032478735999998065
5000 106361 34853 0.03011379300000172
5000 103628 35284 0.030014093999998437
5000 110957 34715 0.03171998999999914
5000 105168 34273 0.030239152000000047
5000 111514 35280 0.031449480999999224
5000 104655 32430 0.029564710999999022
5000 103137 32803 0.029501298999999648
5000 118492 37023 0.033526318999999916
5000 110388 34764 0.031514358999999104
5100 109600 36067 0.03156164200000333
5100 126462 39134 0.03504564400000021
5100 105023 34475 0.030398598999997972
5100 107095 36391 0.03058077100000034
5100 104626 33367 0.03000896200000014
5100 111510 35287 0.032867638999999116
5100 111755 35954 0.031949445999998716
5100 122710 38053 0.034675435000000476
5100 106121 34291 0.032529685000000086
5100 114839 37442 0.034960605000001976
5200 116693 36334 0.03374477899999917
5200 114307 36622 0.032748878999999675
5200 118360 38663 0.03423008299999708
5200 111677 37724 0.03231012600000227
5200 110546 33924 0.03216240799999781
5200 114004 35579 0.03357506900000118
5200 117589 38872 0.03428579800000264
5200 108576 34285 0.03136700700000006
5200 115546 37798 0.03348563299999796
5200 120347 37580 0.03402995000000075
5300 121588 38554 0.03420772500000169
5300 121507 38345 0.03474104600000061
5300 119755 38011 0.034137348000001566
5300 114606 40278 0.033892495999999994
5300 114122 37771 0.032815957000000395
5300 110390 35859 0.0325102589999986
5300 111621 36416 0.03242705299999926
5300 114254 35911 0.03313008499999981
5300 114709 40723 0.03416153999999949
5300 123129 37992 0.034302660000001595
5400 123382 38716 0.03524064500000179
5400 127073 41085 0.0367804970000023
5400 124970 40054 0.03749745700000062
5400 118358 36913 0.03515047499999824
5400 116405 37387 0.03465747399999941
5400 121904 42159 0.0372236490000013
5400 120108 37699 0.0359872949999982
5400 113029 36566 0.03369712800000002
5400 120436 40119 0.03699272600000114
5400 110526 35981 0.03362052099999957
5500 123572 38008 0.039087524999999346
5500 120119 38323 0.034348110999999903
5500 119681 38051 0.03498040000000202
5500 125738 40971 0.03646930100000034
5500 119440 42952 0.03603934399999886
5500 124154 39272 0.03561928600000286
5500 130349 42767 0.03721411900000149
5500 116813 37789 0.03442691699999756
5500 118842 40286 0.03493091600000042
5500 111098 36562 0.0329475460000026
5600 126159 39265 0.036390494000002604
5600 125674 40824 0.03604521000000105
5600 125551 41025 0.036641942999999344
5600 122044 39417 0.03528463000000315
5600 128759 40260 0.038036276999999785
5600 122988 38637 0.03419562800000264
5600 139081 41909 0.037726546999998334
5600 126667 39862 0.035509321999999344
5600 125809 41297 0.03590115800000149
5600 123192 38472 0.03567096800000158
5700 131769 41386 0.03739116000000209
5700 121248 39945 0.03444854399999997
5700 125832 40482 0.03533521399999984
5700 121633 38810 0.03447640099999916
5700 125156 41653 0.03557346699999897
5700 126103 42777 0.03598583000000133
5700 134849 42379 0.03765507099999965
5700 127086 39844 0.0352476089999989
5700 120895 38536 0.03455814000000146
5700 118678 39191 0.034552641999997746
5800 120279 39374 0.03430302499999982
5800 131859 41087 0.036964869000001954
5800 127578 39746 0.03563467999999759
5800 128901 46348 0.037255538000000143
5800 128839 40482 0.036143077000001966
5800 128152 43027 0.03677243300000299
5800 148697 46015 0.04055883399999871
5800 132088 40796 0.03785410500000097
5800 130718 44007 0.037413519000001116
5800 129839 40710 0.0372577370000009
5900 132290 42415 0.037887825999998626
5900 133041 41709 0.036743475999998054
5900 138552 43635 0.039354735999999946
5900 128401 41247 0.036642309000001205
5900 128213 40347 0.03716353599999778
5900 131843 41653 0.03802711300000183
5900 147267 46190 0.041483624000001385
5900 133763 44069 0.03873637599999569
5900 130351 42598 0.03874957099999676
5900 134267 44302 0.03851131799999763
6000 135720 42580 0.03883350999999635
6000 141018 45798 0.039909317000002886
6000 127163 41531 0.03702314899999948
6000 125585 40851 0.03657743099999777
6000 132095 42274 0.037541075999996565
6000 124545 42755 0.03669729199999949
6000 140648 46976 0.04073953900000049
6000 133502 44090 0.03912527899999674
6000 145096 46674 0.0417075820000008
6000 139857 45014 0.04143010900000377
6100 144420 47728 0.04184577000000189
6100 138472 42842 0.03877083100000078
6100 131043 44486 0.03819865599999872
6100 139993 45210 0.03961644799999675
6100 131551 42593 0.038603319999999997
6100 142845 44253 0.040579360000002396
6100 139393 47177 0.04206862800000266
6100 137052 45518 0.039858733999999174
6100 132080 42779 0.037994490999999186
6100 147798 46666 0.04099245500000137
6200 152651 45969 0.04216979400000298
6200 139205 47072 0.03977699499999687
6200 135605 45276 0.038765699999999015
6200 131327 42778 0.037672298000003934
6200 134440 45280 0.03873491000000229
6200 138382 45018 0.03902594600000242
6200 133613 43987 0.03783797599999872
6200 136789 43520 0.038561166999997454
6200 142933 46990 0.040333774999993466
6200 140808 44577 0.03973410900000118
6300 138269 42997 0.03926090100000579
6300 152286 46888 0.042014012999999295
6300 143377 46556 0.041409214999994504
6300 146046 47676 0.041529441999998085
6300 142134 46922 0.040256433999999786
6300 149070 46201 0.04125563300000579
6300 140103 44676 0.039937907000002326
6300 155079 47824 0.04298425500000036
6300 135191 43290 0.038457435999994516
6300 153526 48078 0.04221634599999646
6400 146400 46242 0.04167019399999816
6400 141709 47203 0.040636173999999414
6400 139489 47789 0.040847669999998004
6400 146926 50937 0.04180325100000459
6400 149147 46864 0.04146712900000438
6400 135500 47779 0.03905526999999864
6400 143131 45659 0.04033340899999871
6400 141009 43555 0.03947936099999794
6400 137185 46876 0.03996833000000066
6400 148150 46167 0.0412241100000017
6500 142209 46030 0.040242139000000066
6500 139585 46680 0.0396582340000009
6500 149777 46025 0.04299195200000128
6500 142289 46909 0.04025386799999353
6500 155002 49650 0.04314150200000455
6500 139691 46176 0.03998225900000563
6500 141012 45574 0.039684258999997724
6500 144193 46212 0.04061418100000225
6500 146006 45437 0.04144073799999859
6500 148976 46114 0.04368765400000285
6600 162248 53081 0.04517765500000337
6600 144863 46653 0.04125856499999969
6600 161815 49493 0.04485253
6600 146929 48210 0.04218885400000261
6600 144825 46935 0.04134397100000342
6600 164762 52141 0.046168424000001096
6600 162833 51702 0.04562850399999974
6600 157783 49851 0.045231902999994134
6600 153463 48251 0.04291058000000447
6600 147384 47891 0.0413190449999945
6700 146377 48843 0.04237615800000327
6700 161533 52115 0.04477042399999931
6700 143287 47759 0.0413571660000045
6700 150862 48503 0.042104182999999296
6700 165801 51470 0.04637808600000426
6700 157419 48475 0.04899924299999725
6700 152807 46377 0.04291864400000378
6700 141566 45212 0.04007096299999802
6700 162322 52551 0.045392448999997725
6700 144287 46586 0.0412325409999994
6800 153742 48512 0.04349118599999713
6800 149999 47741 0.04281381199999856
6800 149938 49693 0.04292927300000571
6800 149299 47504 0.043272725000001344
6800 159378 51859 0.044713609999995185
6800 150614 49090 0.04274490200000258
6800 144819 48002 0.04125416700000528
6800 150720 49809 0.04274929999999699
6800 154275 49043 0.04591990600000173
6800 161774 49465 0.04508162000000482
6900 158698 48035 0.06559122600000222
6900 148414 50284 0.044687584999998364
6900 157682 51481 0.04391124499999677
6900 162284 52238 0.04675929199999729
6900 153758 50445 0.045179121000003875
6900 181489 57871 0.05038661300000058
6900 172482 55086 0.04890357499999709
6900 143354 50685 0.042771293000001265
6900 163016 52583 0.046217907000006164
6900 162251 51727 0.04707965200000075
7000 156948 50242 0.04500904500000047
7000 153070 51065 0.04351391099999802
7000 165863 52825 0.046822337999998354
7000 175119 57362 0.05009301000000477
7000 161578 52542 0.04560907699999461
7000 151850 53638 0.04403586999999476
7000 148991 50895 0.043285555000004194
7000 167604 54278 0.04723799899999648
7000 159395 48389 0.04458935200000269
7000 158118 49588 0.044700781000003076
7100 167278 52184 0.04680950899999914
7100 175646 53393 0.04822876800000131
7100 167448 53495 0.04676772300000209
7100 157643 51294 0.044735236000001066
7100 160217 50883 0.04642463799999774
7100 163289 52340 0.04585906100000159
7100 167284 52206 0.047151495000001376
7100 166331 59817 0.0486019089999985
7100 159191 51173 0.04495369699999685
7100 156589 52723 0.046251261999998405
7200 159714 54640 0.04684029900000297
7200 163927 52825 0.046842497999996624
7200 187506 58311 0.05440613500000069
7200 166247 54442 0.047025402999999244
7200 164613 53891 0.0464151070000014
7200 166638 51545 0.046385417999999845
7200 179445 56332 0.04966891899999837
7200 177167 56425 0.0492657209999976
7200 154568 49352 0.045722339000001
7200 161251 52195 0.046986917000005235
7300 167683 55077 0.04776728800000285
7300 159811 51807 0.04716065799999569
7300 171504 56445 0.04801800500000297
7300 173698 54120 0.04884896000000083
7300 175266 53116 0.04875659100000007
7300 180468 55875 0.057319426999995926
7300 165321 52998 0.04808764900000284
7300 179930 55900 0.05006148800000432
7300 159462 53009 0.04606322500000459
7300 169703 53774 0.04792563499999858
7400 172838 55198 0.04851430499999765
7400 159528 53063 0.04657565400000152
7400 159910 51610 0.04624246500000595
7400 168919 53399 0.047701310000000774
7400 167622 53102 0.04722956799999878
7400 169818 55196 0.047592814000005035
7400 172436 53559 0.048810106000004794
7400 172769 57842 0.0487822489999985
7400 165844 56721 0.04813053300000547
7400 170133 53643 0.04754443000000208
7500 166694 54377 0.04820274299999738
7500 164170 53580 0.04869391100000087
7500 171882 54815 0.04867705099999853
7500 166540 52160 0.04688941500000254
7500 178868 56241 0.04999147800000259
7500 179854 57573 0.050391378000000486
7500 164606 55195 0.047195847000004676
7500 173213 55225 0.04856855400000626
7500 189973 60894 0.05377751200000347
7500 176929 60586 0.04965499000000051
7600 179241 57380 0.05023816199999942
7600 171136 54122 0.048786647000000016
7600 181572 57511 0.05094815799999708
7600 174225 57596 0.049715470000002426
7600 178101 58132 0.050795307999997874
7600 171610 56189 0.05025062500000388
7600 170355 59271 0.04851284000000078
7600 178970 57646 0.050373417000002974
7600 179743 59311 0.051425764000001095
7600 179288 57735 0.05054715900000417
7700 180944 59514 0.05127328199999681
7700 181538 59680 0.0515635850000038
7700 166252 54507 0.04881450500000284
7700 172642 54924 0.04865872299999552
7700 178147 55014 0.050113902999996185
7700 198473 62632 0.05556184799999642
7700 180648 57838 0.05038038099999653
7700 168354 56038 0.0489592899999991
7700 184638 62370 0.05257048200000014
7700 172365 54734 0.051002406000002054
7800 178876 57157 0.0513132360000057
7800 180033 56491 0.051183844999997063
7800 179813 57687 0.051025498999997865
7800 181675 57258 0.05048338000000285
7800 181742 57691 0.050764518999997676
7800 191895 62390 0.053639324999998905
7800 175106 55424 0.050149457999999925
7800 175977 59182 0.05174429200000219
7800 172921 53787 0.048865087999999446
7800 168574 53907 0.04805245899999733
7900 178712 56554 0.050286912000004236
7900 173810 57436 0.05010730600000102
7900 179121 60185 0.05162516500000436
7900 184328 58770 0.05202359799999812
7900 189754 62202 0.0531939740000027
7900 188689 62932 0.05320863499999717
7900 178211 59081 0.05059920800000128
7900 181105 57664 0.05099067599999785
7900 186997 60978 0.053133126999995284
7900 173181 58655 0.050411171000000365
8000 191740 64036 0.05417851100000348
8000 179604 59407 0.05088474599999415
8000 186599 58276 0.052840623999998115
8000 191723 59318 0.05397031300000066
8000 176464 58906 0.049969484999998315
8000 187565 61155 0.053479510999999036
8000 177749 58525 0.05098334599999532
8000 183892 58855 0.05241800000000296
8000 180541 59333 0.051434561999997186
8000 184580 60216 0.05216068500000404
8100 200254 61429 0.05556551299999768
8100 185072 61455 0.05223509400000381
8100 192410 63536 0.055054183999999395
8100 204303 65576 0.057883536999995044
8100 189320 60511 0.05431779699999595
8100 180472 59054 0.0513949750000009
8100 194795 62731 0.05448017700000207
8100 208611 64966 0.05783845300000223
8100 188940 62412 0.05402419500000377
8100 183372 60214 0.05257817899999395
8200 181850 64032 0.052818633000001114
8200 194866 62975 0.054496670999995445
8200 189637 58978 0.05364555599999932
8200 184974 59133 0.052293374999997866
8200 187987 62396 0.05377421299999696
8200 187753 61405 0.05518577399999458
8200 202286 67607 0.05786191200000701
8200 195794 65595 0.05598447399999884
8200 194618 67389 0.055216930000000275
8200 182390 60809 0.05228091200000051
8300 187375 60057 0.05283439400000134
8300 191056 61788 0.05409347300000178
8300 194585 61603 0.05468763999999737
8300 190952 60971 0.05381489900000247
8300 180376 58546 0.05263682700000061
8300 188981 67294 0.05445745000000102
8300 194662 61699 0.05541779600000041
8300 197016 62893 0.05443729099999928
8300 226000 73352 0.06258409900000572
8300 193933 62151 0.05438743999999929
8400 192298 60491 0.05401026699999534
8400 205027 62532 0.05713542200000177
8400 204092 65547 0.05709656799999152
8400 197117 60778 0.055150952000005304
8400 197938 65348 0.05742132600001071
8400 206196 67295 0.05827757299999803
8400 192589 63611 0.0552737440000044
8400 192665 61958 0.054708165999997505
8400 200820 63288 0.0563730100000015
8400 193044 60434 0.05456814699999768
8500 209160 65376 0.05822625699998696
8500 198049 69308 0.06120919200000685
8500 215777 70816 0.06463527900000088
8500 193155 64276 0.057783104999998613
8500 203998 63836 0.0586301880000093
8500 186179 63296 0.05563368999999341
8500 197081 65051 0.06078656600000443
8500 203991 66523 0.0592837360000118
8500 194350 62919 0.05782012500000633
8500 206813 68485 0.059759876999990524
8600 187697 65296 0.055820261999997456
8600 202460 63351 0.06195877499999369
8600 207944 66617 0.058205364000002646
8600 197144 63018 0.05631949400000735
8600 192653 62552 0.05548157399999809
8600 230392 74925 0.06341908599999613
8600 201836 64635 0.05679930099999808
8600 201346 67869 0.058072307999992745
8600 204673 69089 0.05779116899999792
8600 201079 66855 0.05690816499999585
8700 194984 63857 0.05587524300000268
8700 195950 64350 0.05529133800000352
8700 201094 64495 0.057910661999997615
8700 193867 63300 0.05533972199999937
8700 200913 68933 0.05743195600000206
8700 197406 63484 0.05603908800000568
8700 198853 63253 0.05697487499999454
8700 199909 64708 0.05647454200000368
8700 188284 62030 0.05445928400000355
8700 200293 65050 0.05639683599999046
8800 214613 73830 0.06136387300000479
8800 194927 67808 0.056349917999995114
8800 202179 70656 0.05827647299999228
8800 206212 66708 0.058426023000009764
8800 195028 64913 0.055992537000008724
8800 211324 67015 0.05942522300000519
8800 211371 69135 0.05983355200000062
8800 194910 67586 0.05595514899999898
8800 222614 72282 0.06263981299998989
8800 216233 75612 0.061997994999998696
8900 216441 69980 0.060680634999997096
8900 206019 65207 0.05824714999999969
8900 199562 66638 0.05686124599999687
8900 204816 67439 0.05778713699999116
8900 201440 66075 0.057113061999999104
8900 210048 69883 0.05990796000000387
8900 217920 72672 0.06177990199999783
8900 217500 74166 0.0618275519999969
8900 210002 68127 0.05881199399999559
8900 203359 69042 0.057689268999993715
9000 193936 67370 0.05599107100000822
9000 209901 69360 0.06026973999999541
9000 212756 69003 0.05910266300000444
9000 204198 64952 0.05834428400000036
9000 203741 64763 0.0579388860000023
9000 206894 65555 0.058310927999997375
9000 215344 70052 0.06066670700000998
9000 195062 63929 0.056964977999996336
9000 206422 71937 0.05873062099999515
9000 218317 75065 0.06311522100000388
9100 212372 68788 0.06010626100000138
9100 207047 68259 0.05848577000000432
9100 213240 71854 0.06107430400000169
9100 212147 67337 0.060314458000007676
9100 203245 64248 0.057057713999995485
9100 220245 70273 0.062107958000012786
9100 212165 68154 0.060183236000000306
9100 200884 67495 0.05780289899999502
9100 217827 69213 0.06131109199999685
9100 215410 69699 0.06127590299999497
9200 210744 65688 0.0594754389999963
9200 210110 67188 0.05976427500000625
9200 220649 70727 0.061958775000007904
9200 209378 68009 0.05944611500000008
9200 216033 71299 0.06307416799999999
9200 239358 75091 0.06606406800000286
9200 206554 66070 0.05838130399999386
9200 212702 68120 0.060403895000007424
9200 228138 75711 0.0639212520000001
9200 206835 73672 0.0601341189999971
9300 228597 74224 0.06400812199998995
9300 218379 68636 0.061572071000000506
9300 212515 70123 0.060175537999995754
9300 207498 67592 0.05901615899999513
9300 214532 69697 0.06071069200000068
9300 239697 75901 0.06711421700001097
9300 215185 72107 0.06224724500000889
9300 218904 70497 0.06349899300001027
9300 218850 70216 0.06137487000000874
9300 225456 74981 0.06374127799999485
9400 242635 74790 0.06736273399999959
9400 230970 72387 0.06476100399999041
9400 218639 71688 0.06411845300000607
9400 229176 73668 0.06438163100000338
9400 234112 79458 0.07171361199999637
9400 234115 72894 0.06499632599999927
9400 214143 68730 0.06139319700000101
9400 219876 70112 0.06261818699999822
9400 222040 75229 0.06282271899999614
9400 222175 70745 0.06297446799999307
9500 247425 81425 0.069363697
9500 228119 75713 0.06375117499999305
9500 228853 72856 0.06487646500001176
9500 241163 78897 0.06916173199999776
9500 217936 70591 0.0615724379999989
9500 212540 69558 0.06049882899999659
9500 220684 69786 0.0623843320000077
9500 231599 79978 0.06604134199999123
9500 226100 73483 0.064613652999995
9500 217062 74024 0.06232055399999581
9600 237166 73954 0.0661883270000061
9600 214374 74317 0.06346930299999087
9600 222346 72150 0.06308846399998913
9600 246109 80601 0.0689381400000002
9600 224681 73043 0.0649710339999956
9600 236058 73979 0.0654955589999986
9600 250220 81823 0.06927756000000329
9600 227554 73434 0.0638900959999944
9600 239860 77106 0.06649402400000781
9600 230388 74986 0.06484934099999862
9700 222863 74726 0.0642665360000052
9700 241805 78322 0.0672263790000045
9700 242513 77623 0.06769665599999541
9700 232007 75198 0.06530202400000462
9700 226501 72068 0.06373431400000129
9700 225212 75949 0.06492264999999975
9700 226046 71852 0.06483761200000515
9700 234144 74586 0.06558572799998785
9700 223634 76043 0.06428486400000111
9700 226236 73535 0.06401618600000347
9800 220968 70919 0.0628333490000017
9800 233087 75906 0.0653540720000052
9800 245102 79197 0.06856939700000453
9800 230982 73440 0.06510408900000186
9800 246522 84400 0.06996739600000978
9800 243569 83542 0.07450081300000022
9800 235559 73014 0.06707902900001272
9800 231890 74924 0.0652708670000095
9800 231473 75137 0.06590572099999292
9800 241611 80887 0.0694197790000004
9900 243726 80133 0.06845210299999849
9900 230823 77033 0.06605710399999509
9900 226113 72116 0.06434424400001149
9900 230470 73571 0.06475917200000936
9900 242785 77207 0.06779305700000293
9900 240598 78397 0.0676801609999984
9900 231819 75532 0.06784693800000241
9900 238207 76642 0.06787956099999803
9900 231062 74580 0.06502711500000657
9900 235062 77244 0.06643354399999168
10000 230141 72307 0.0652364119999902
10000 244592 80765 0.06905506799999728
10000 233535 75177 0.06619125999999653
10000 244960 79090 0.06886373099999332
10000 249215 80175 0.07024596900001256
10000 231306 74784 0.06708086199999741
10000 225098 75260 0.07025806500000442
10000 275142 88307 0.07674552800000356
10000 241771 75202 0.06738802499999963
10000 251635 82209 0.07030718199999342
