Size C S Time
100 927 164 0.0006542810000000343
100 883 170 0.000568510000000022
100 1031 162 0.0006502489999999916
100 996 159 0.0006326550000000375
100 908 157 0.0005791390000000063
100 848 168 0.0005494499999999514
100 924 173 0.000571808000000007
100 820 167 0.0005424849999999815
100 853 169 0.0005787729999999769
100 802 167 0.0005245249999999979
200 2192 369 0.0013730739999999741
200 1995 387 0.0012803390000000747
200 2182 368 0.0013793060000000246
200 2174 378 0.001344850000000064
200 2047 370 0.0013356870000000853
200 1994 372 0.0012887690000000784
200 2249 379 0.0013837039999999856
200 1997 367 0.001304897000000027
200 2102 379 0.0013426509999999725
200 2072 366 0.0013415509999999964
300 3868 566 0.0023737390000000413
300 3331 599 0.0020720739999999793
300 3402 582 0.002126687999999932
300 3606 594 0.002323155999999993
300 3687 618 0.002272940000000001
300 4057 589 0.0025427160000000004
300 3547 602 0.0021648090000000453
300 3975 598 0.002430553999999918
300 3541 614 0.002237385000000036
300 3325 595 0.002090033999999963
400 5422 798 0.0033916320000000333
400 5244 818 0.0033300529999999995
400 4988 854 0.00320396200000006
400 4825 862 0.00313358500000005
400 5115 822 0.0032633420000000024
400 5156 829 0.0033351849999999628
400 5284 837 0.003407394000000008
400 5241 819 0.0032776370000000554
400 4852 852 0.003292665000000028
400 5301 826 0.0033366509999999128
500 6799 1071 0.004305426999999917
500 6309 1096 0.004128018999999927
500 6158 1089 0.003949145999999959
500 7414 1064 0.004603426999999938
500 6354 1071 0.004034183999999996
500 6405 1054 0.004490530999999964
500 6448 1103 0.004133151000000002
500 6768 1061 0.00435490999999999
500 6423 1097 0.004038947999999931
500 6819 1082 0.004234682999999961
600 7882 1332 0.005052076999999988
600 8682 1297 0.005343479999999956
600 8034 1314 0.004990131000000009
600 7930 1347 0.005072237000000035
600 7932 1348 0.005030817999999937
600 8431 1330 0.005281167000000031
600 8439 1307 0.005206390999999977
600 8358 1312 0.005210424000000047
600 8346 1303 0.005269803999999989
600 8468 1278 0.005328085000000038
700 9522 1583 0.006115054000000009
700 10411 1608 0.006608422999999974
700 10227 1630 0.006483797999999985
700 10287 1566 0.006495527000000001
700 9448 1582 0.005906856999999932
700 9914 1582 0.006289163000000042
700 10077 1581 0.006375301000000055
700 11021 1515 0.006868668999999938
700 9522 1592 0.005960739999999909
700 9240 1577 0.005911256000000087
800 11789 1842 0.007304123000000162
800 11281 1865 0.007262337000000008
800 12245 1825 0.007719417999999978
800 12735 1817 0.007948875000000077
800 10738 1872 0.006817719000000055
800 10875 1839 0.006801225000000022
800 11143 1875 0.006966535999999968
800 12018 1838 0.00765124000000017
800 11478 1859 0.007149807999999869
800 12518 1823 0.007764502999999978
900 12985 2153 0.008346207999999855
900 12645 2092 0.008114551999999886
900 13324 2097 0.008412552999999878
900 12828 2079 0.008188960999999884
900 13726 2097 0.00877762999999998
900 12575 2157 0.007878132000000093
900 12560 2138 0.007965735000000196
900 12361 2162 0.007958770999999976
900 13143 2093 0.008247241000000072
900 12797 2133 0.008035012000000119
1000 14666 2382 0.00920428800000006
1000 14190 2411 0.008870366000000018
1000 14204 2411 0.017319572999999977
1000 15749 2346 0.012667762999999832
1000 14845 2368 0.00953454400000009
1000 15196 2380 0.010013982999999893
1000 14080 2436 0.010149238999999977
1000 15411 2372 0.011431776000000005
1000 14887 2378 0.009407718999999926
1000 15097 2393 0.009643407999999853
1100 15567 2662 0.012226078000000085
1100 15704 2673 0.0107452400000001
1100 17595 2642 0.012676925999999922
1100 15821 2697 0.011056069000000113
1100 17342 2611 0.01094463900000009
1100 17611 2595 0.01138229199999996
1100 17271 2632 0.010997788000000064
1100 17557 2615 0.01100731899999996
1100 16186 2652 0.010311618000000022
1100 16777 2609 0.010701987000000024
1200 18095 2897 0.011517546999999961
1200 18763 2971 0.01180748399999998
1200 18148 2919 0.011555667999999963
1200 18376 2951 0.011832041999999987
1200 19996 2889 0.012704416999999912
1200 17930 2935 0.011269030999999874
1200 18643 2882 0.01168982300000021
1200 18994 2946 0.011906816999999847
1200 18094 2953 0.011624578000000163
1200 18068 2899 0.011558234000000223
1300 19835 3191 0.01267252799999996
1300 19167 3273 0.012256499999999892
1300 20287 3213 0.013006081999999974
1300 19256 3235 0.01263917300000017
1300 20195 3236 0.013021844000000282
1300 21376 3162 0.014937037000000153
1300 20526 3186 0.013064362999999801
1300 19942 3195 0.023825731000000072
1300 20076 3177 0.01333597200000014
1300 20224 3219 0.01305556600000024
1400 21461 3501 0.014369626000000135
1400 21732 3548 0.014041935999999922
1400 22603 3452 0.014157398000000043
1400 24237 3511 0.015299183000000216
1400 22342 3475 0.014168760000000002
1400 21540 3492 0.01354087100000001
1400 22025 3449 0.01401627800000016
1400 22239 3481 0.014070892999999973
1400 21604 3482 0.013691520000000068
1400 22282 3568 0.014714544999999912
1500 23965 3766 0.015314943999999997
1500 22700 3850 0.014523574999999678
1500 24842 3803 0.016046565999999984
1500 23024 3785 0.014688886999999706
1500 23252 3812 0.014722607999999582
1500 24462 3744 0.015314578000000356
1500 24206 3728 0.015044433999999995
1500 24437 3802 0.015469626000000236
1500 23822 3746 0.01522587299999989
1500 23302 3752 0.014852732000000035
1600 25474 4147 0.01632294000000023
1600 25317 4058 0.016508777999999946
1600 25259 4046 0.016215175999999776
1600 25227 4096 0.016057929000000026
1600 25219 4083 0.015480620999999584
1600 25453 4069 0.016034102999999966
1600 25910 4049 0.01599634899999991
1600 24713 4117 0.015892250000000274
1600 25512 4058 0.016036301999999836
1600 25214 4068 0.016179621000000033
1700 27485 4325 0.017477554000000062
1700 27840 4361 0.017783251
1700 28529 4359 0.017812941999999943
1700 28099 4338 0.017825038000000237
1700 27805 4401 0.017481218999999992
1700 27446 4403 0.01749221599999995
1700 26571 4356 0.016709277999999994
1700 26794 4394 0.017295380999999832
1700 26750 4399 0.0167349360000002
1700 28451 4297 0.01773083600000014
1800 28878 4638 0.018275153999999905
1800 29969 4620 0.019060656999999814
1800 29278 4702 0.018509009000000187
1800 28402 4652 0.018002445000000034
1800 30497 4582 0.019776884000000106
1800 28983 4701 0.018468322999999565
1800 30702 4641 0.01922193700000019
1800 29090 4629 0.01819378099999991
1800 29028 4676 0.018312175000000153
1800 30406 4580 0.01893713199999958
1900 31250 4972 0.019645295000000118
1900 32519 4915 0.020680415000000174
1900 30864 4996 0.019560990000000444
1900 31490 4931 0.01972116999999951
1900 30560 4928 0.01957382000000063
1900 33875 4861 0.021304274000000234
1900 34227 4806 0.02208757799999983
1900 32413 4871 0.020460855999999694
1900 30700 4938 0.019253459999999833
1900 32067 4899 0.019995343999999804
2000 32572 5244 0.02081750299999996
2000 32598 5237 0.020555425000000405
2000 33496 5250 0.021236830000000317
2000 33660 5201 0.021294010000000085
2000 34387 5260 0.021784813000000014
2000 32907 5185 0.020969619000000606
2000 33438 5150 0.021223267999999962
2000 31477 5303 0.020082582999999765
2000 32965 5290 0.02087248499999994
2000 32482 5239 0.020667587000000154
2100 33057 5582 0.02087138500000041
2100 36056 5473 0.02272316600000046
2100 34309 5485 0.02125405700000016
2100 36524 5494 0.02308970999999982
2100 37640 5466 0.023709168999999974
2100 34308 5596 0.0218863460000005
2100 35545 5505 0.02271106899999964
2100 33889 5592 0.021868018000000156
2100 35420 5542 0.02254502499999944
2100 34904 5525 0.02263079700000059
2200 38330 5837 0.02449137400000012
2200 36308 5854 0.023174747999999745
2200 38257 5760 0.024213168000000174
2200 37761 5757 0.023792741000000284
2200 37089 5780 0.023430229999999774
2200 36229 5858 0.02298377799999951
2200 38204 5742 0.024035760000000295
2200 38650 5780 0.024212434000000727
2200 37848 5746 0.024157451999999857
2200 38465 5765 0.024334126999999484
2300 39559 6112 0.025161415999999548
2300 39909 6129 0.025534558999999568
2300 37834 6090 0.024075347000000136
2300 39008 6111 0.024705435999999636
2300 38767 6112 0.024569082000000186
2300 39968 6139 0.025148221000000248
2300 39658 6076 0.024942955999999405
2300 38880 6117 0.024602436999999533
2300 37995 6134 0.02401120199999962
2300 37487 6211 0.023685710000000526
2400 39616 6463 0.025118165000000303
2400 41883 6408 0.025959383000000003
2400 40190 6473 0.025745687999999767
2400 40533 6421 0.025564614999999513
2400 42986 6426 0.02798893800000002
2400 42639 6372 0.026546219999999288
2400 40727 6444 0.02562656100000016
2400 41935 6432 0.02656124799999926
2400 41768 6455 0.02629843700000034
2400 45038 6275 0.027929557000000216
2500 42434 6782 0.026894071000000075
2500 42080 6730 0.026748553000000008
2500 44751 6715 0.02825248300000016
2500 43326 6710 0.027149184999999854
2500 43695 6630 0.027322928000000246
2500 42969 6700 0.02713965500000004
2500 42377 6758 0.026844219999999197
2500 42837 6700 0.02844968399999992
2500 45342 6625 0.028241120000000564
2500 42337 6745 0.02665251800000057
2600 45346 7079 0.02865421499999954
2600 45351 6977 0.028387738000000162
2600 46873 6925 0.030235486999999672
2600 42716 7166 0.02717484300000006
2600 43992 7012 0.02784928500000028
2600 44409 7045 0.028454815999999994
2600 47392 6928 0.02983155400000026
2600 45563 7106 0.028905297999999746
2600 45375 7016 0.0291281570000006
2600 44627 6949 0.028377474999999208
2700 47409 7275 0.030616324999998668
2700 48265 7313 0.03115258000000054
2700 47517 7357 0.030172073999999327
2700 46359 7291 0.02940526399999932
2700 45663 7361 0.029676505999999492
2700 45918 7372 0.02917177500000001
2700 47611 7287 0.030178671999999906
2700 45551 7402 0.028858013999998988
2700 45457 7430 0.02887047599999981
2700 45773 7477 0.029004264999999307
2800 46814 7732 0.02972818900000007
2800 49452 7644 0.031112992000000617
2800 54051 7471 0.03364141399999987
2800 52119 7582 0.03300472599999971
2800 49162 7702 0.03155944299999902
2800 46976 7761 0.029301164999999685
2800 52015 7519 0.032479467999998235
2800 47787 7676 0.030234386000000057
2800 47374 7665 0.030036453000001018
2800 48320 7648 0.030565009000000032
2900 50448 7910 0.03218073500000074
2900 51821 7892 0.03265541000000027
2900 53894 7830 0.03402041999999916
2900 50106 7926 0.03200442700000039
2900 50866 7942 0.032989697999999734
2900 49617 7923 0.031664640999998994
2900 52425 7891 0.03322465299999955
2900 49782 7979 0.03173648399999962
2900 48885 7983 0.031332186000000206
2900 50907 7918 0.03234604699999899
3000 54054 8189 0.03422824999999996
3000 56798 8076 0.03591655199999977
3000 52287 8240 0.03313961499999962
3000 53870 8055 0.03410142699999952
3000 51840 8252 0.033049079000001313
3000 52475 8310 0.034062206999999844
3000 54897 8247 0.03479895999999982
3000 51573 8262 0.03325214400000043
3000 53311 8223 0.03395993999999902
3000 53764 8179 0.03461532100000042
3100 57864 8477 0.03619512599999908
3100 55118 8610 0.034698160000001366
3100 53395 8478 0.034688996999999944
3100 53980 8603 0.03317920100000116
3100 55515 8493 0.03451562100000061
3100 57400 8422 0.035514820999999586
3100 57692 8331 0.03584617599999973
3100 54872 8519 0.03453431500000015
3100 53029 8554 0.03355527499999944
3100 59437 8410 0.03764407499999933
3200 54411 8984 0.03444267899999964
3200 58345 8739 0.03627136700000122
3200 55485 8952 0.03518236499999894
3200 60131 8720 0.03825437000000065
3200 55982 8869 0.03550785599999884
3200 57950 8832 0.03655873800000009
3200 59180 8827 0.03743111300000024
3200 57327 8874 0.03612804900000022
3200 58523 8736 0.03675117300000075
3200 59876 8779 0.037460802000000015
3300 61325 9096 0.038797221999999465
3300 58687 9123 0.03683951100000016
3300 61567 9093 0.03843984199999895
3300 65629 8936 0.04103827299999985
3300 63685 8949 0.040094054999999074
3300 64308 8927 0.04038106000000141
3300 58639 9200 0.03704954100000002
3300 57644 9196 0.036523182999999904
3300 56514 9255 0.0364216509999995
3300 58393 9189 0.03702021699999847
3400 61767 9451 0.03869092500000093
3400 63107 9360 0.03931184999999893
3400 63745 9492 0.040095521000001355
3400 68718 9288 0.04285303200000001
3400 65473 9488 0.040871129000001005
3400 59250 9531 0.03738236200000067
3400 62153 9450 0.0396582340000009
3400 62279 9390 0.03893284399999963
3400 60834 9443 0.03833281100000008
3400 62992 9540 0.04032681099999991
3500 65263 9614 0.04101151399999914
3500 61248 9829 0.038668566000000126
3500 60799 9835 0.03844790499999995
3500 65162 9698 0.041243170999999634
3500 62245 9732 0.04031361499999875
3500 63866 9762 0.040331575999999814
3500 63944 9788 0.040241040000001504
3500 68410 9509 0.04344536800000043
3500 65891 9802 0.04208952099999941
3500 62585 9740 0.039469098000001424
3600 69848 9983 0.04398602000000018
3600 64278 10058 0.04099612100000094
3600 61387 10300 0.03926969800000002
3600 65453 10169 0.04119515300000032
3600 66689 9998 0.04199495200000136
3600 63617 10060 0.04019925300000082
3600 63724 10115 0.040127777000000364
3600 70242 9888 0.044433204000000615
3600 65402 10130 0.04138978900000012
3600 66523 10081 0.04261037999999928
3700 72814 10214 0.04643013599999968
3700 64919 10483 0.04176622899999849
3700 67885 10363 0.04317375900000009
3700 71383 10451 0.04554969700000022
3700 68685 10222 0.04289848400000018
3700 66918 10374 0.042800983000001125
3700 69173 10410 0.04381044500000009
3700 69845 10362 0.044252498000002305
3700 67059 10392 0.0426631620000002
3700 66998 10390 0.04622560500000006
3800 67299 10768 0.04705142799999962
3800 69034 10734 0.046758558999997035
3800 71591 10642 0.04579601500000052
3800 69272 10777 0.04402340700000096
3800 69016 10681 0.04621863999999931
3800 69714 10743 0.05747557400000147
3800 72826 10619 0.05171056900000082
3800 67454 10813 0.04801543900000027
3800 70359 10677 0.04635352800000092
3800 67433 10817 0.04451714200000012
3900 70688 11084 0.04823573199999842
3900 69948 11217 0.045907077000002516
3900 72218 11085 0.04671054200000313
3900 73862 11006 0.04863343199999903
3900 70788 10994 0.04580994300000185
3900 75502 10812 0.048983481999997025
3900 69496 11254 0.046388350000000855
3900 74224 10938 0.04893289900000042
3900 76127 10834 0.05197301500000151
3900 71479 11070 0.045707310999997475
4000 72260 11421 0.0463410660000001
4000 75250 11231 0.04860667499999849
4000 77761 11294 0.049757988999999725
4000 74449 11405 0.04780724200000108
4000 77087 11295 0.049687978999997995
4000 72512 11413 0.04746415699999673
4000 72851 11466 0.04730251099999805
4000 73693 11352 0.047393414000001854
4000 74107 11481 0.04886911899999902
4000 72292 11460 0.046983616999998645
4100 76846 11707 0.04921733599999811
4100 76057 11764 0.05038111400000034
4100 78943 11529 0.05126485200000275
4100 76872 11594 0.04925545699999745
4100 79869 11447 0.054377177999999304
4100 79114 11506 0.05175675399999946
4100 79957 11590 0.06014621399999953
4100 74694 11623 0.04786625499999886
4100 77008 11729 0.04923236500000172
4100 75179 11691 0.04774639600000086
4200 73900 12160 0.04815325999999942
4200 83153 11830 0.05259027500000002
4200 84676 11817 0.053231727000000006
4200 78168 11851 0.04989984200000208
4200 76984 12117 0.048514306000001284
4200 76498 12085 0.048191014000000365
4200 80348 11841 0.050873016000000604
4200 80264 11994 0.05034079500000033
4200 76838 11978 0.048811205999999885
4200 76796 12050 0.048746328000000005
4300 79762 12390 0.05032906499999967
4300 80068 12232 0.050969417000001016
4300 78373 12372 0.04970227500000135
4300 77867 12425 0.04906118899999967
4300 82946 12335 0.05232269799999756
4300 78997 12415 0.05053652899999861
4300 79353 12300 0.05026602000000224
4300 84550 12185 0.05264965499999974
4300 80916 12287 0.05129087699999957
4300 81358 12296 0.0511761479999997
4400 83240 12610 0.052747155999998796
4400 83001 12520 0.05194735699999953
4400 80180 12767 0.050800806999998116
4400 81848 12798 0.05177361499999833
4400 84621 12593 0.0527486219999993
4400 78747 12675 0.05007248400000108
4400 81088 12666 0.05116148699999812
4400 83492 12645 0.052765484000001805
4400 79587 12761 0.050264920000000046
4400 80007 12638 0.05046028800000002
4500 82240 13154 0.052259652000000045
4500 84586 12945 0.0532753459999995
4500 87559 12915 0.05491929699999787
4500 85480 12826 0.05368550900000102
4500 82815 13017 0.0533589180000007
4500 85569 12730 0.054254018000001736
4500 82052 13070 0.05196495099999865
4500 82478 13042 0.05233149499999712
4500 85789 12894 0.0540531520000016
4500 82426 13053 0.052076014000000725
4600 95845 12990 0.06004358200000226
4600 90285 13260 0.056765945999998735
4600 87088 13267 0.05499956899999958
4600 89831 13235 0.05634405200000003
4600 89656 13184 0.05673808699999938
4600 87701 13241 0.05464732000000083
4600 91747 12997 0.057966010000001233
4600 84219 13355 0.053778244000000086
4600 94053 12933 0.05949963000000125
4600 86618 13279 0.055197137000000396
4700 86634 13671 0.059081404000000504
4700 86127 13738 0.0625632060000001
4700 90473 13462 0.06018506799999912
4700 92727 13374 0.06364304499999918
4700 86732 13646 0.05651706100000098
4700 88759 13706 0.05724208599999869
4700 86327 13745 0.05522975899999949
4700 93895 13386 0.05916167699999875
4700 88591 13684 0.05650606600000074
4700 85942 13677 0.055284008000000995
4800 90924 13850 0.05841356099999828
4800 91901 13761 0.05818630399999947
4800 91677 13839 0.058363343999999984
4800 90946 13980 0.05762072599999968
4800 89175 14014 0.056650484000002166
4800 88227 13994 0.055800101999999185
4800 88892 13888 0.057288269999997254
4800 90513 13977 0.058454246999996684
4800 91358 13803 0.05956121000000181
4800 88879 14043 0.05854808300000158
4900 94364 14163 0.06007437199999899
4900 92802 14192 0.06076237499999948
4900 90514 14373 0.07635222699999744
4900 93304 14226 0.05989769700000025
4900 91986 14407 0.058088069000000075
4900 92615 14202 0.05826914200000033
4900 95064 14226 0.06004138299999795
4900 93357 14157 0.05909973100000343
4900 94178 14167 0.06027523800000267
4900 91547 14265 0.06177147000000005
5000 96467 14605 0.06173408300000105
5000 95217 14422 0.06060146200000105
5000 95199 14594 0.060847779999999574
5000 93825 14663 0.059844915000002885
5000 93891 14508 0.05988670099999993
5000 93525 14679 0.0657081539999993
5000 95034 14570 0.06045447800000048
5000 95391 14611 0.06057323799999992
5000 95409 14512 0.060972037999999174
5000 97790 14444 0.06326183899999904
5100 96821 14777 0.06178759899999875
5100 101093 14772 0.06431015500000115
5100 94795 14964 0.060673670999999985
5100 97099 14997 0.06221938799999904
5100 99485 14744 0.06286047400000072
5100 99699 14670 0.06335567500000039
5100 95362 14901 0.06102482000000009
5100 100218 14842 0.06382814900000255
5100 93569 15081 0.059633785999999134
5100 94897 14978 0.060271205999999466
5200 98802 15144 0.061974536000001024
5200 98666 15141 0.0620412469999998
5200 99732 15091 0.06264237999999978
5200 98589 15198 0.0626665719999977
5200 96625 15358 0.06215597599999967
5200 98829 15162 0.06358879600000122
5200 101308 14986 0.06422768300000214
5200 98472 15213 0.06254267900000343
5200 99695 15201 0.06318193299999564
5200 99294 15180 0.06278166599999935
5300 106825 15364 0.06724837200000167
5300 102168 15518 0.06431125499999979
5300 101712 15496 0.0640942599999974
5300 105295 15500 0.06638112899999982
5300 105139 15347 0.0660552710000033
5300 107935 15319 0.06762811099999766
5300 98467 15578 0.06272155300000293
5300 103497 15629 0.06630598699999979
5300 102280 15624 0.0654391099999998
5300 102812 15339 0.06551425199999983
5400 104292 15798 0.06652114900000328
5400 103904 15924 0.06644783899999851
5400 110486 15574 0.07110111600000124
5400 105169 15763 0.0662850949999978
5400 109039 15711 0.06831794700000415
5400 101058 15848 0.06439629199999786
5400 100948 15907 0.06353344800000116
5400 103323 15688 0.06552268300000463
5400 102988 15936 0.06626493399999589
5400 105478 15902 0.06733304400000151
5500 105039 16227 0.06782641199999517
5500 108432 16051 0.06945643299999915
5500 105237 16331 0.06736053499999883
5500 107199 16082 0.06876036700000299
5500 108611 16093 0.06882707799999821
5500 104525 16303 0.06734990500000038
5500 107107 16147 0.06798915699999952
5500 108802 15952 0.06897955999999539
5500 107743 16064 0.06801078400000193
5500 109676 16055 0.07011401300000131
5600 107533 16595 0.06869072300000312
5600 108544 16330 0.06891981300000083
5600 110401 16556 0.0700124800000026
5600 106459 16440 0.0679851259999964
5600 107186 16484 0.06838062599999972
5600 106445 16668 0.06753684200000265
5600 117688 16491 0.07309291699999676
5600 108721 16625 0.06877466099999907
5600 108779 16431 0.06884723699999995
5600 102751 16806 0.06514404299999654
5700 108397 16908 0.06880618400000316
5700 115460 16745 0.07311087799999427
5700 109719 16942 0.06980061899999868
5700 109265 16773 0.06941464800000574
5700 107350 16925 0.06922367800000018
5700 109432 16880 0.1165364520000054
5700 107755 16922 0.0707697610000011
5700 110620 16800 0.07252514000000332
5700 105585 16983 0.06899458799999536
5700 114193 16754 0.07259368399999744
5800 112517 17205 0.07457705399999526
5800 116010 17075 0.07215529799999842
5800 117617 17086 0.07423909999999978
5800 109422 17263 0.0689007530000012
5800 113218 17223 0.07116672799999435
5800 109280 17349 0.06899055600000281
5800 112235 17229 0.07179535099999867
5800 112885 17037 0.07189761699999764
5800 114455 16992 0.0718261409999954
5800 107894 17264 0.0685792929999991
5900 114338 17443 0.07353753499999982
5900 112610 17551 0.07316512599999925
5900 115018 17509 0.07362440600000042
5900 113990 17625 0.07304856500000056
5900 113267 17650 0.07297745500000019
5900 114132 17640 0.07169088599999895
5900 114217 17263 0.0723352699999964
5900 118837 17399 0.07565286100000179
5900 122398 17390 0.07681517199999632
5900 117712 17434 0.07397152400000095
6000 125529 17598 0.0780621549999978
6000 114868 17865 0.07887258400000263
6000 116698 17867 0.07423873399999792
6000 115894 17858 0.07715092600000162
6000 121589 17667 0.07830590700000073
6000 119406 17790 0.07640904199999454
6000 113320 17950 0.07347009100000435
6000 115780 17899 0.075339464999999
6000 118123 17922 0.07646292300000113
6000 114371 17785 0.07305149800000521
6100 121539 17984 0.07808854599999648
6100 118391 18055 0.07515362699999883
6100 125047 17788 0.07931096999999454
6100 119199 18110 0.07595635999999928
6100 121979 18153 0.07720627500000177
6100 125142 18162 0.07981203599999986
6100 129349 17779 0.08235072000000088
6100 121071 18098 0.0795052389999995
6100 120958 17951 0.07896348700000289
6100 127333 17849 0.08122359800000112
6200 121163 18589 0.07910790500000076
6200 118608 18499 0.07575366000000372
6200 123164 18426 0.07868308000000468
6200 121591 18312 0.07666122300000211
6200 123410 18278 0.08027021600000239
6200 123075 18262 0.0776824159999947
6200 119730 18519 0.07573899900000214
6200 122242 18400 0.07764796000000018
6200 125748 18306 0.07922446599999944
6200 123193 18470 0.07859584300000222
6300 128034 18575 0.08064445800000186
6300 121605 18839 0.07692806700000432
6300 132243 18523 0.08351449799999955
6300 121042 18869 0.0765204699999984
6300 128193 18756 0.08044029299999522
6300 129822 18554 0.08074122600000067
6300 120881 19038 0.07632876799999622
6300 123351 18769 0.07796392200000213
6300 129085 18321 0.08127857899999924
6300 123499 18810 0.0779159030000045
6400 132639 18912 0.08293938999999995
6400 122940 19240 0.07760763999999654
6400 123237 19414 0.0780247679999988
6400 131058 19061 0.08248377500000004
6400 122166 19271 0.08276381499999985
6400 121507 19180 0.07759114599999606
6400 129227 18980 0.08230416900000392
6400 123947 19173 0.07916618499999828
6400 123818 19079 0.07880807200000106
6400 126475 19150 0.0804080370000051
6500 121820 19716 0.07803173199999947
6500 126352 19415 0.08010343899999839
6500 126843 19226 0.0802815790000011
6500 134207 19265 0.08382202800000016
6500 128885 19447 0.08089334199999598
6500 124917 19521 0.07820107500000262
6500 125864 19597 0.08014815699999644
6500 131885 19477 0.08798377000000102
6500 126283 19533 0.07924572599999635
6500 130402 19339 0.0874262549999969
6600 129199 19560 0.08145708500000381
6600 129034 19868 0.08134052499999456
6600 133694 19615 0.08322529499999831
6600 128026 19821 0.08095455400000162
6600 133591 19785 0.0838524510000056
6600 131205 19728 0.0828649819999967
6600 130459 19808 0.0821212640000013
6600 130115 19744 0.08191966500000092
6600 134477 19648 0.08394042199999774
6600 128580 19927 0.08136654900000195
6700 132402 20047 0.08475451599999673
6700 134848 20224 0.08443378999999851
6700 137042 19895 0.08594285200000229
6700 136451 19845 0.08613162299999999
6700 131041 20104 0.0822979379999964
6700 135165 20300 0.0861602119999958
6700 134388 20196 0.08712055800000229
6700 132086 20197 0.0830420229999973
6700 132551 20026 0.08401886200000064
6700 127801 20344 0.08178917500000438
6800 138130 20555 0.08651502800000088
6800 140363 20354 0.08817253899999855
6800 133025 20589 0.0857841389999976
6800 134571 20538 0.08462732599999612
6800 132026 20497 0.08337961000000149
6800 137513 20399 0.0869585460000053
6800 137052 20269 0.0861668100000017
6800 134406 20415 0.0846471190000031
6800 142323 20104 0.08912078899999898
6800 133147 20582 0.08435058399999917
6900 131341 21063 0.08337521099999634
6900 151960 20418 0.09522118200000307
6900 137324 21027 0.08676501000000059
6900 133104 20789 0.08432712599999803
6900 137324 20894 0.08760146399999513
6900 139231 20547 0.08688157099999927
6900 140813 20566 0.08977580399999852
6900 136823 20701 0.08686287799999803
6900 137492 20882 0.08648093899999765
6900 138789 20674 0.08710223099999581
7000 147608 20853 0.09361022099999872
7000 140866 21065 0.0919039589999997
7000 138747 21076 0.08954781199999928
7000 133833 21385 0.09698315899999699
7000 133900 21456 0.0963259449999967
7000 137758 21079 0.087169308
7000 140016 21190 0.0878382519999974
7000 136420 21257 0.08962075499999855
7000 141630 20913 0.09078709799999984
7000 139165 21127 0.09235260799999878
7100 136819 21581 0.08808200299999669
7100 143300 21500 0.1098477550000041
7100 140655 21678 0.08999609599999303
7100 139754 21521 0.09179106199999865
7100 150206 21393 0.09651215000000235
7100 140428 21377 0.09120349199999822
7100 148724 21375 0.09620572000000038
7100 136753 21733 0.08905077899999725
7100 139790 21631 0.08989163200000405
7100 138868 21577 0.08766707500000592
7200 139984 21942 0.08863291899999837
7200 140812 21940 0.08879823000000187
7200 140911 21948 0.08897600399999561
7200 141573 22027 0.08954341399999777
7200 144559 21953 0.09300982199999908
7200 152406 21753 0.09500015599999756
7200 142342 21765 0.09025890900000633
7200 147705 21688 0.09272318400000046
7200 163058 21576 0.10181824200000023
7200 144123 21786 0.09122951799999868
7300 150827 21948 0.09495800399999865
7300 151901 21872 0.09504634099999976
7300 147577 22008 0.09281005500000106
7300 145582 22190 0.09098210000000506
7300 147174 22140 0.09311648599999955
7300 142592 22247 0.09111735500000151
7300 146647 22496 0.10817631500000147
7300 143357 22172 0.09538246099999981
7300 142028 22367 0.09030545900000675
7300 148475 22010 0.09431545200000357
7400 154889 22175 0.0959018540000045
7400 152484 22573 0.09595023800000035
7400 147037 22607 0.09268396400000256
7400 149281 22427 0.09373337899999967
7400 148010 22317 0.09395440500000518
7400 152148 22305 0.09569659000000286
7400 149219 22325 0.10329577999999628
7400 148501 22484 0.09413474600000882
7400 149242 22390 0.09850285100000633
7400 165735 21808 0.13271644000001004
7500 146767 23045 0.09490815299999156
7500 153536 22846 0.10034693400000094
7500 150002 22772 0.09511708300000521
7500 166277 22546 0.10418904899999859
7500 153909 22445 0.09648319300001162
7500 157629 22628 0.09890274999999349
7500 146283 22973 0.09465377100001149
7500 153405 22618 0.09857652600000222
7500 143663 23022 0.09450018900000146
7500 147393 23169 0.09380045699998618
7600 149675 23438 0.09522997899999552
7600 151447 23351 0.09774887000000376
7600 155178 22940 0.09854207099999712
7600 153195 22839 0.09697949400000994
7600 150535 23285 0.09553017799998997
7600 148163 23280 0.09478719399999136
7600 156114 23071 0.09977109300000109
7600 152372 23252 0.09756706400000326
7600 157854 22983 0.10041511100000378
7600 154308 23031 0.09859265400000083
7700 163619 23276 0.11481516099999567
7700 159386 23247 0.1021510639999974
7700 158982 23438 0.10316895699999407
7700 159305 23329 0.10122590699999989
7700 157615 23276 0.10091324500000098
7700 156385 23426 0.09877482699999973
7700 157651 23444 0.10031614400000421
7700 154832 23405 0.10000091600001326
7700 160888 23397 0.10182227399999988
7700 153655 23553 0.09830088500000045
7800 155987 23921 0.098203017000003
7800 161799 23930 0.10255646200000967
7800 152159 24046 0.09679842100000258
7800 153892 24057 0.09903763900000229
7800 157640 23851 0.10057712299999366
7800 152150 23908 0.09671778099999528
7800 161083 23853 0.1019747570000078
7800 162577 23769 0.10281377599999075
7800 164017 23774 0.10521977099999447
7800 160852 23458 0.10237758799999597
7900 161197 24212 0.10276209300000971
7900 156014 24222 0.10037552400000038
7900 157810 24183 0.1005635610000013
7900 159150 24330 0.10368065200000842
7900 157547 24091 0.10068598700000564
7900 155101 24269 0.10115662900000189
7900 155144 24231 0.09901051499998914
7900 161468 24018 0.10205026399999895
7900 162263 24034 0.1054961450000036
7900 153596 24408 0.10260594500000764
8000 160053 24565 0.10234459899999138
8000 160961 24658 0.10272213999999735
8000 161445 24384 0.10378511700000104
8000 159663 24597 0.10318471799999429
8000 160165 24399 0.10186882500001104
8000 165919 24509 0.10450391000000536
8000 160737 24567 0.1014931180000076
8000 161509 24493 0.10138791899998978
8000 164714 24439 0.10454166499999928
8000 158771 24580 0.10032823999999607
8100 160807 25131 0.10256342600000323
8100 163414 24946 0.10251284300001373
8100 165990 24844 0.10428508399999714
8100 161749 25041 0.10211514199998817
8100 161666 24681 0.10230757799999424
8100 171762 24535 0.10812573200000486
8100 156268 25165 0.09943497200001161
8100 169322 24546 0.10702316700000836
8100 168130 24916 0.10596275499999308
8100 168986 24662 0.10585829000000047
8200 171695 25034 0.10860847000000717
8200 171358 25190 0.10700300700000298
8200 163655 25317 0.10972716299998808
8200 162573 25184 0.1021411669999992
8200 169482 24871 0.10550164299999665
8200 162499 25236 0.10309821399999919
8200 167701 25310 0.10560757400000398
8200 168488 25009 0.10576042300000665
8200 168938 25105 0.10645685699999774
8200 167399 25243 0.10581870400000071
8300 168959 25480 0.10723649599999874
8300 169864 25288 0.10780573899999979
8300 165245 25717 0.10438881499999297
8300 173489 25419 0.10996321799999009
8300 168441 25428 0.10604596099999242
8300 175440 25366 0.11311073099999192
8300 166641 25430 0.10506728800000076
8300 170626 25419 0.10769467599999416
8300 161474 25788 0.10221410900000194
8300 165127 25703 0.10356372500000077
8400 179533 25481 0.11320786499999258
8400 177054 25899 0.11023042800000837
8400 165508 26169 0.10457831899999803
8400 171488 25779 0.10794539199999065
8400 174547 25600 0.11294981899999357
8400 172589 25852 0.10783836200000962
8400 170354 25700 0.10734169500000235
8400 173350 25604 0.1074201339999945
8400 164817 26293 0.1078680520000006
8400 174936 25490 0.11025681899999995
8500 176674 25970 0.11124208900000099
8500 177136 26180 0.11137148000000252
8500 179912 25968 0.11315288400000156
8500 192711 25633 0.12212111699999184
8500 173497 26026 0.10974072499999465
8500 166755 26203 0.10588834700000405
8500 172587 26049 0.10885258800000486
8500 188248 25972 0.11682455500000799
8500 171012 26336 0.10745715599999528
8500 178447 26101 0.11236957900000277
8600 176854 26520 0.11146898100000158
8600 181111 26419 0.11425508099999604
8600 174060 26657 0.11015638599999988
8600 184653 26418 0.11585724500000083
8600 177633 26123 0.1126496190000097
8600 172959 26836 0.10979607299999827
8600 172814 26617 0.11101813099999447
8600 171674 26787 0.10934045800000547
8600 181018 26063 0.1149309890000012
8600 179899 26326 0.11389146999999866
8700 176906 27160 0.11225631699998928
8700 176697 26838 0.11107677799999749
8700 178576 26892 0.11303558999999552
8700 172888 27167 0.11162146300000586
8700 186399 26544 0.11666327599999704
8700 179677 26744 0.11286734600000159
8700 172882 26973 0.10931626699999697
8700 178151 26841 0.11433462099999758
8700 183210 26722 0.11600459599999624
8700 173993 26925 0.10999730600001101
8800 184041 26903 0.11747407200000737
8800 181821 27051 0.1154998660000075
8800 188334 27195 0.11875037799998722
8800 183974 27184 0.11635977800000319
8800 176887 27230 0.11102033100000597
8800 183349 27209 0.11501162800000486
8800 177632 27359 0.1118248939999944
8800 180507 27113 0.11563072100000227
8800 186718 27115 0.11773468399999842
8800 177595 27318 0.11216504699999064
8900 181324 27642 0.11422612399999821
8900 188142 27209 0.11803488399999651
8900 185642 27504 0.1184252540000017
8900 178856 27820 0.11424408599999936
8900 187664 27212 0.1178153239999915
8900 177750 27704 0.11324891799999648
8900 186436 27121 0.11686634199999446
8900 176650 27783 0.11164602099999854
8900 191308 27055 0.11954907700000206
8900 186347 27484 0.11646607500000528
9000 183934 27896 0.11601266099999918
9000 192351 27402 0.12140379099999166
9000 195221 27784 0.12181725300000323
9000 193206 27500 0.12081512099999259
9000 187874 27766 0.11924484599998664
9000 191568 27660 0.12098886299999378
9000 186086 27833 0.11652398900000094
9000 187350 27870 0.11782265499999767
9000 186993 27777 0.1237877929999911
9000 199990 27286 0.1303287719999986
9100 190135 28088 0.11975617499999203
9100 205106 27720 0.13050911099999496
9100 180739 28435 0.11555264700000123
9100 185837 28493 0.11955824100000711
9100 191967 28046 0.1251982550000008
9100 182725 28279 0.11563951900001257
9100 193886 27804 0.12074620999999297
9100 200962 27627 0.12572681100000693
9100 190522 28096 0.12177619999999933
9100 187261 28281 0.12048193199998991
9200 190694 28474 0.1234736650000059
9200 193173 28444 0.121385097000001
9200 188832 28722 0.12089649399999303
9200 185444 28716 0.11770242800000119
9200 189153 28544 0.12046067299999663
9200 187684 28596 0.1194699039999989
9200 189080 28414 0.16564712400000303
9200 192514 28654 0.14111103200001196
9200 194828 28185 0.12491051699998934
9200 182884 28783 0.11694844699999862
9300 193051 28844 0.1266153140000057
9300 192327 28917 0.1219077890000051
9300 202843 28363 0.1272853570000052
9300 194259 28798 0.12320682099999658
9300 193724 28945 0.12598595800000112
9300 189174 29054 0.12056513800000346
9300 197057 28963 0.12612011299999892
9300 191756 28981 0.12438122800000428
9300 197845 28803 0.12405427100000566
9300 190709 28981 0.12093644700000539
9400 216418 28869 0.13556008899999483
9400 194207 29250 0.12442631300000073
9400 195411 29020 0.1234714650000086
9400 199596 28951 0.13036029399999904
9400 195101 29201 0.1252165820000073
9400 201427 29140 0.12691587999999854
9400 188530 29355 0.11912168700000336
9400 194284 29359 0.12580561800000112
9400 191445 29567 0.12403227800000138
9400 196593 29133 0.12535843499999544
9500 203375 29343 0.13004066799999237
9500 198683 29664 0.12632427799999846
9500 193793 29608 0.1260369069999996
9500 192823 29753 0.12322294900000941
9500 198934 29574 0.12528732399999853
9500 198539 29546 0.12597936000000232
9500 200753 29465 0.12688985500000172
9500 197679 29657 0.14089257099999486
9500 199772 29416 0.1306711240000027
9500 194788 29573 0.12397033199999896
9600 198713 30180 0.12587452900000073
9600 192615 30121 0.12417706200000111
9600 196877 30162 0.12454360700000677
9600 198487 30109 0.12492701200000056
9600 195629 30180 0.12386110199999223
9600 199940 29888 0.12706323099999395
9600 197951 30016 0.1280470350000087
9600 195144 30218 0.12462717799999723
9600 193770 30095 0.12399855599998943
9600 197828 29907 0.12467922799999087
9700 237228 28997 0.14702265399999703
9700 198884 30488 0.12668349100000853
9700 200941 30295 0.12864523500000757
9700 207357 29864 0.12995343100000412
9700 201852 30385 0.12799901799999702
9700 199428 30434 0.12831131299999754
9700 196692 30441 0.12205513900001108
9700 204629 29969 0.12959055199999625
9700 193825 30635 0.12366683300000147
9700 193909 30644 0.1244413409999936
9800 210566 30397 0.13174729700000398
9800 202308 30521 0.12818155600000125
9800 212352 30399 0.1339942120000046
9800 204280 30674 0.12900884699999438
9800 201600 30769 0.1268381729999959
9800 195340 30971 0.12616116600000282
9800 202832 30779 0.12712810899999738
9800 209115 30310 0.131857992999997
9800 198475 31062 0.1254585009999971
9800 200611 30864 0.12755916500000808
9900 202722 31335 0.1298551969999977
9900 210929 30636 0.13254159899999252
9900 218601 30539 0.1368085370000074
9900 206255 31047 0.13419031300000483
9900 197863 31353 0.12662227799999926
9900 202972 31150 0.1281518669999997
9900 203712 30971 0.12973313799999175
9900 215559 30787 0.1367920429999998
9900 200834 31041 0.12729671900000028
9900 208609 30919 0.1321963140000122
10000 205494 31664 0.1297983830000078
10000 206879 31501 0.13056482599999697
10000 217260 30972 0.13866545000000485
10000 207585 31338 0.13103143599998646
10000 224412 30636 0.1399982040000083
10000 216634 30992 0.13652813100000571
10000 220722 30957 0.13883845799999506
10000 215381 31271 0.13510923999999136
10000 206013 31525 0.13136169300000233
10000 206324 31542 0.12951541099999986
